euclidean
10
43.2178903964 14.0347372113
30.7007433235 -60.6295828691
-55.5735061772 -40.6788131694
-18.4278406842 88.8247767448
50.1383126045 -14.7069143102
89.1173216359 80.6609015771
97.4567852556 95.2280895886
10.4830784666 47.6353115601
-97.6036558391 -73.5741253749
-48.3196545728 -14.7948452063
0.0 75.7062722891 112.930565536 96.9213401367 29.5630643831 80.9061404729 97.6433212556 46.910196212 165.849391581 95.9701357786
75.7062722891 0.0 88.550998518 157.322037154 49.8669287918 152.890475886 169.55230225 110.136466886 128.955728935 91.3512258282
112.930565536 88.550998518 0.0 134.725573911 108.855538033 188.835277499 204.667917157 110.285343548 53.3726057608 26.8811859972
96.9213401367 157.322037154 134.725573911 0.0 124.177809731 107.854581712 116.061401614 50.3230890183 180.671561445 107.845011896
29.5630643831 49.8669287918 108.855538033 124.177809731 0.0 103.026129949 119.686018132 73.8856597791 159.037850143 98.458006442
80.9061404729 152.890475886 188.835277499 107.854581712 103.026129949 0.0 16.785399013 85.2879463627 242.184159201 167.33416275
97.6433212556 169.55230225 204.667917157 116.061401614 119.686018132 16.785399013 0.0 99.143825794 257.958840625 182.63574839
46.910196212 110.136466886 110.285343548 50.3230890183 73.8856597791 85.2879463627 99.143825794 0.0 162.40218513 85.7629633746
165.849391581 128.955728935 53.3726057608 180.671561445 159.037850143 242.184159201 257.958840625 162.40218513 0.0 76.7066917417
95.9701357786 91.3512258282 26.8811859972 107.845011896 98.458006442 167.33416275 182.63574839 85.7629633746 76.7066917417 0.0