870
271
0--------+--------+--------+--------+--------+
0  000   |                 |                 |
0  0 0   |                 |                 |
00 0 0   |                 |                 |
+0 0 0   +        +        +--------+        +
|0 0 0   |        |                 |        |
|0 0 0   |        |                 |        |
|0 0 0   |        |                 |        |
+0 0 0   +--------+--------+        +        +
|0 0 0                              |        |
|0 0 0                              |        |
|0 0 0                              |        |
+0 0 0   +--------+--------+--------+        +
|0 0 0   |     000|        000 000 000       |
|0 0 0   |     0 0|        0 0 0 0 0 0       |
|0 0 0   |     0 0|       00 000 000 0       |
+0 0 0   +     0 0+       0+--------+0       +
|0 0 0   |     0 0|       0         |0       |
|0 0 0   |     0 0|       0         |0       |
|0 0 0   |     0 0|       000       |0       |
+0 0 0   +     0 0+--------+0       +0       +
|0 0 0   |     0 00 000 000 0       |0       |
|0 0 0   |    00  0 0 0 0 0 0       |0       |
|0 0 0   |        000 000 000       |0       |
+0 0 0   +--------+--------+--------+0       +
|0 0 0   | 000 000   000 000 000 000 0       |
|0 0 0   | 0 0 0 0   0 0 0 0 0 0 0 0 0       |
|0 0 0   | 0 0 0 000 0 0 0 000 000 000       |
+0 0 0   + 0 0 0  +0 0 0 0 +--------+--------+
|0 0 0 000 0 0 0  |0 0 0 0                    
|0 0 0 0 0 0 0 0  |0 0 0 0                    
|000 000 000 000  |000 000                   
+--------+--------+--------+--------+--------+
